-453
-453
-400
-572
-423
-568
-634
-634
-588
-600
-606
-626
-614
-632
630
-627
-635
-625
-625
-625
-629
-625
-627
-620
-612
-620
-618
-481
-617
-584
-596
-617
-596
-596
-62
-71
-68
-66
-56
-58
-167
-42
-163
-59
-169
-155
-142
-130
-131
-153
-145
-145
-148
-171
-158
-168
-133
-160
-160
-179
-131
-21
-25
-27
-12
-12
-13
-9
-9
-16
-12
-16
-16
-17
-22
-23
-27
-29
-28
-27
-25
-26
-28
-30
-30
-28
-196
-176
-187
-202
-190
-194
-173
-199
-184
-168
-165
-160
-179
-155
-164
-156
-133
-165
-23
-27
-25
-25
-33
-19
-20
-24
-16
-128
-18
31
-10
-18
-38
-136
-132
-130
-38
-139
-130
-151
-141
-56
-56
-136
-169
-132
-128
-120
-138
-174
-113
-120
-166
-106
-89
-169
-161
-103
-177
-92
-152
24
24
25
24
27
22
19
43
27
25
-160
-170
20
8
7
9
7
6
5
5
2
-3
-8
-17
-10
-15
-16
-22
-17
-16
-26
-33
-31
-31
-31
-30
-39
-39
-39
-46
-52
-43
-49
-51
-45
-30
-23
-21
-22
-12
-13
-13
-12
-12
-19
-23
-29
-42
-29
-28
-25
-31
-29
-48
-37
-34
-36
-43
-48
-50
-52
-49
-59
-59
-60
-48
-59
-61
-66
-69
-71
-77
-75
-83
-90
44
32
-88
-88
40
38
39
41
41
40
37
31
31
11
22
13
14
24
21
21
12
1
4
6
5
-4
5
-1
-8
-9
-15
-17
-21
-22
-22
-33
-32
-29
-23
-18
-18
-27
-13
-13
-13
-14
-9
-15
-11
-22
-25
-25
-25
-39
-28
-31
-28
-35
-36
-38
-36
-34
-39
-76
-48
-50
-45
-44
-69
-51
-51
-52
-56
-61
-63
-60
-67
-68
-74
-71
-78
-21
-70
-70
-69
-69
-65
-71
-81
-75
-75
-78
-88
-85
-93
-85
-104
-102
41
34
34
31
28
31
6
1
0
4
4
7
-4
5
-1
-1
-12
-5
9
28
7
1
1
-3
8
14
13
-1
2
2
3
-10
4
-2
2
0
0
3
-4
-40
-11
-17
-4
-33
-35
-22
-22
-20
-28
-28
-32
-36
-39
-39
-37
-37
-32
-35
-37
-44
-47
-49
-55
-50
-56
-44
-49
-48
-47
-50
-74
-71
-71
-88
-81
-77
-76
-78
-70
-72
-70
-75
-72
-70
-72
-72
-72
-79
-74
-71
-101
-83
-92
-92
-88
-87
-87
-81
-76
-59
-64
-63
-59
-50
-65
-64
-59
-67
-75
-73
-69
-76
-76
-77
-71
-79
-81
-69
-86
-86
-85
-59
-86
-82
-82
-88
-74
-73
-72
-80
-85
-71
-71
-79
-69
-81
-71
-76
-59
-70
-72
-72
-75
-92
25
-85
-90
37
-89
45
-83
-74
-89
-89
40
75
40
42
40
43
33
37
24
25
24
16
20
9
13
14
4
-8
4
4
2
-14
6
4
8
7
19
7
0
3
4
-3
-3
-3
-5
-6
-9
