-23.000000
-23.000000
47.285714
31.833333
49.166667
-22.000000
-23.846154
40.500000
-71.400000
-80.500000
-62.600000
-86.600000
62.000000
-21.000000
-28.000000
63.000000
-25.318182
57.500000
53.000000
53.562500
32.500000
-26.769231
48.100000
-24.000000
-35.800000
-35.800000
39.037736
41.333333
-24.214286
47.428571
-22.000000
47.769231
-21.818182
-21.818182
44.176471
-37.166667
37.950000
43.714286
-82.500000
59.923077
-84.551724
55.000000
21.447368
23.500000
-86.688000
57.169231
61.981132
63.333333
60.283582
-22.189189
48.750000
47.428571
50.285714
28.500000
39.428571
23.323529
23.323529
29.210526
-34.000000
-45.500000
22.136364
20.833333
31.000000
39.555556
37.500000
60.600000
57.500000
57.333333
64.000000
64.000000
-92.500000
57.798165
64.428571
71.428571
61.500000
55.319149
29.500000
-20.785714
61.000000
-21.200000
-21.200000
54.142857
49.000000
57.968750
-20.400000
46.500000
23.000000
-30.500000
46.333333
37.764706
37.764706
-32.750000
36.090909
38.857143
40.333333
35.400000
33.714286
36.100000
35.200000
-44.750000
20.461538
-37.125000
34.666667
34.666667
25.857143
23.900000
33.062500
24.000000
-62.533333
23.076923
32.375000
34.510638
25.214286
29.000000
29.166667
34.000000
38.666667
38.666667
40.000000
43.400000
48.714286
-26.964286
51.285714
56.125000
63.400000
-31.300000
62.407725
62.000000
48.000000
-30.166667
47.000000
41.500000
44.600000
-40.000000
36.500000
37.000000
37.000000
-40.670455
41.750000
-34.000000
-29.375000
-40.333333
40.250000
38.928571
-34.500000
34.863636
44.375000
43.250000
28.961538
40.966667
40.966667
40.000000
-30.166667
-36.000000
49.666667
-22.375000
51.000000
-31.400000
31.000000
31.000000
47.388889
40.388889
35.904762
32.192308
42.272727
40.882353
46.142857
38.607143
37.125000
40.923077
35.842105
40.125000
37.902439
37.902439
41.181818
29.100000
43.000000
55.727273
46.500000
47.210526
47.285714
34.161290
34.161290
-37.000000
36.000000
31.500000
-39.285714
-39.000000
41.250000
-40.837209
37.181818
43.204082
49.000000
42.074627
47.041667
47.041667
48.357143
-80.000000
71.285714
-22.000000
43.903226
38.500000
50.000000
50.000000
42.794118
40.833333
40.500000
40.750000
39.260870
50.000000
48.888889
-29.823529
-29.500000
-29.500000
41.767442
47.642857
44.562500
42.300000
-26.230769
39.530612
-35.000000
38.500000
39.250000
-43.122642
43.961538
43.961538
37.666667
25.857143
41.076923
26.125000
39.333333
39.357143
35.000000
-43.500000
36.800000
32.230769
26.714286
22.909091
21.500000
27.500000
27.666667
22.222222
22.857143
23.307692
23.307692
28.500000
23.268293
26.652695
75.000000
-54.653846
27.625000
24.000000
30.777778
30.777778
27.000000
-50.000000
23.166667
24.250000
22.573034
-68.555556
22.000000
22.310345
-50.000000
22.750000
29.000000
31.222222
21.368421
27.071429
-55.176471
-55.176471
23.864865
38.000000
21.652174
21.857143
27.217391
30.666667
28.000000
-59.388889
30.000000
30.000000
24.112903
33.875000
32.777778
23.437500
34.200000
31.578947
23.333333
33.000000
20.105263
26.090909
20.333333
20.333333
25.363636
22.750000
35.250000
23.704918
31.459459
31.400000
27.666667
25.267442
23.571429
-45.807692
29.000000
35.552632
-40.500000
-27.000000
22.542857
44.000000
-43.857143
25.115385
-47.000000
-47.000000
32.000000
34.500000
35.727273
38.714286
-36.051724
-38.473684
35.500000
26.312500
-29.621622
43.516129
-36.225806
-36.225806
-28.500000
49.000000
50.166667
-21.714286
65.000000
49.021739
42.388889
-41.478261
-41.478261
33.705882
34.228571
31.571429
23.916667
23.080000
22.433333
35.000000
28.454545
27.196203
-51.943396
35.568966
35.300000
38.375000
38.375000
40.357143
28.400000
-27.600000
37.000000
40.142857
-34.300000
34.423077
32.636364
34.125000
29.000000
29.000000
31.000000
-32.727273
42.500000
-23.377049
28.052632
38.105263
35.588235
27.000000
39.538462
38.750000
-37.162791
-42.418919
-42.418919
41.136364
47.111111
-42.017241
38.100000
38.608696
32.333333
46.500000
-28.400000
-36.589928
30.226415
44.000000
-23.125000
68.117647
50.000000
-24.659091
-22.300000
41.500000
48.133333
35.857143
43.500000
40.166667
-37.560000
47.125000
53.500000
49.285714
49.285714
47.222222
31.181818
-26.571429
47.823529
45.384615
129.500000
-43.100000
-37.833333
35.565217
31.909091
36.090909
36.090909
38.500000
38.000000
-30.428571
-31.214286
39.125000
39.250000
30.818182
32.692308
-81.000000
34.500000
38.277778
38.277778
38.277778
27.285714
-32.500000
39.100000
-35.076923
38.176471
47.448276
37.500000
48.666667
-23.125000
-39.000000
42.000000
42.000000
38.083333
38.363636
39.000000
35.500000
32.633333
31.000000
31.787234
29.750000
23.775000
23.775000
31.777778
25.000000
20.300000
25.463415
-56.552632
-61.500000
24.923077
32.368421
32.368421
31.500000
20.846154
30.571429
31.454545
-63.500000
21.000000
20.548387
20.548387
22.833333
-72.714286
22.071429
23.500000
34.428571
34.000000
34.714286
34.714286
39.888889
48.909091
51.666667
41.653846
50.653846
45.500000
-38.826087
32.263158
24.437500
24.437500
21.680000
22.846154
28.426036
28.426036
35.176471
57.142857
34.357143
34.200000
31.428571
23.000000
22.894737
25.860000
32.833333
34.333333
34.333333
40.090909
-128.000000
-37.500000
38.000000
44.600000
-38.543027
40.909091
47.500000
30.166667
47.333333
55.000000
50.000000
-20.200000
45.000000
-31.363636
30.000000
41.000000
36.000000
33.633333
32.300000
-41.000000
35.909091
32.000000
32.000000
40.500000
-31.000000
44.938776
-23.111111
49.750000
39.114286
42.500000
44.428571
36.454545
36.454545
29.000000
37.000000
31.214286
31.285714
29.176471
25.333333
22.909091
31.842105
22.500000
20.250000
23.500000
23.500000
20.636364
20.500000
25.071429
27.200000
27.714286
29.333333
33.307692
35.333333
35.607143
39.400000
33.666667
33.666667
31.777778
24.111111
24.500000
24.200000
23.645161
20.375000
22.111111
24.125000
25.903846
28.476190
30.666667
30.666667
26.333333
-69.568182
23.647059
23.647059
23.923077
31.384615
-43.417910
30.000000
41.200000
-40.870370
47.500000
48.000000
50.500000
-24.200000
47.214286
37.214286
37.214286
49.833333
46.200000
-22.777778
56.500000
-87.750000
50.545455
50.545455
-21.723404
-20.439394
53.166667
47.461538
-27.960000
-27.960000
-20.818182
48.750000
58.333333
-23.666667
48.250000
51.500000
45.722222
35.250000
44.333333
45.357143
41.750000
38.111111
40.636364
-20.882353
-55.363636
-55.363636
-31.142857
-46.894737
-34.032258
31.571429
23.645161
22.571429
27.250000
22.272727
24.375000
30.800000
32.333333
34.947368
36.300000
36.300000
31.207547
38.633333
-43.245902
23.285714
28.911765
39.571429
-27.000000
38.500000
42.142857
-23.322581
45.900000
43.981481
43.981481
40.578947
-29.300000
56.000000
-21.432990
-42.500000
-20.978261
62.857143
-47.500000
52.000000
-21.400000
-22.636364
-21.200000
-21.136364
53.000000
-20.510870
-21.351852
-21.351852
53.000000
-22.900000
-22.692308
-21.285714
-22.000000
48.348485
-22.900000
49.000000
41.896552
40.394737
42.666667
36.000000
35.000000
37.090909
24.000000
43.640449
46.000000
51.000000
-24.500000
-22.650000
55.900000
60.083333
60.500000
60.500000
-24.588235
-22.520000
47.500000
41.863636
52.000000
42.363636
47.521739
44.000000
27.406250
42.777778
40.000000
42.655172
42.655172
38.950000
37.000000
31.625000
26.500000
23.785714
22.071429
22.500000
21.000000
24.631579
23.285714
24.692308
24.362745
25.500000
24.000000
20.304348
20.304348
30.100000
36.000000
38.454545
30.500000
50.076923
48.200000
-25.142857
47.600000
46.847826
47.812500
-22.578947
43.565217
43.404762
47.090909
50.666667
-23.000000
-23.000000
-21.000000
-26.727273
-26.727273
56.277778
-20.300000
45.000000
47.222222
46.666667
46.800000
-29.166667
-33.785714
34.384615
35.937500
33.900000
31.750000
40.333333
35.571429
35.600000
28.777778
33.166667
30.142857
26.500000
23.307692
22.500000
24.928571
24.111111
21.966667
25.500000
39.756098
46.888889
47.333333
-21.333333
45.200000
35.500000
43.180328
-22.500000
-21.562500
-26.130435
-27.000000
-21.333333
47.521739
45.363636
43.432432
48.586207
50.000000
-28.515152
39.562500
40.366667
37.900000
34.000000
40.692308
-42.473684
-36.500000
31.000000
26.000000
-45.800000
27.500000
-47.500000
30.000000
25.153846
22.571429
22.250000
25.000000
22.833333
23.800000
22.875000
26.333333
23.000000
27.444444
-64.666667
-24.000000
23.000000
28.954545
31.350000
31.909091
33.285714
33.642857
34.785714
31.450000
31.250000
33.250000
30.277778
30.818182
32.781250
34.750000
43.500000
-42.434783
40.460000
40.900000
41.000000
35.285714
35.000000
34.625000
35.725000
-46.875000
38.666667
39.166667
40.875000
33.428571
23.357143
32.704545
31.676471
33.666667
32.620690
33.545455
37.857143
36.454545
34.555556
34.640000
37.833333
37.750000
39.578947
-23.428571
49.600000
29.000000
47.555556
46.478261
35.500000
46.720000
39.000000
35.727273
-22.266667
-23.000000
50.000000
47.666667
42.241379
40.000000
30.347826
26.000000
32.111111
-36.714286
37.382353
34.333333
39.000000
45.500000
38.642857
41.000000
37.269663
32.736842
32.650000
33.285714
24.785714
-23.187500
46.875000
38.510870
36.272727
42.285714
34.695652
32.454545
29.193548
29.285714
31.400000
32.461538
34.416667
37.862069
21.942857
24.990826
31.551724
22.000000
31.300000
33.250000
21.089286
30.000000
34.153846
30.000000
36.000000
22.759259
31.368421
30.000000
31.281250
32.535714
34.500000
34.000000
32.535714
-44.200000
31.750000
26.744186
34.500000
42.250000
44.176471
47.142857
42.357143
45.000000
42.333333
47.500000
42.600000
-34.422535
37.785714
31.272727
31.500000
32.818182
22.942857
24.588235
35.000000
33.000000
43.500000
35.500000
-38.630435
-40.384615
38.642857
37.333333
39.400000
-32.333333
32.000000
39.175000
35.363636
33.500000
-34.269231
39.062500
38.454545
40.250000
38.894737
79.500000
-25.400000
45.600000
47.666667
42.500000
37.250000
-30.700000
32.000000
-32.384615
-40.169184
-24.388889
48.000000
51.333333
44.051813
48.375000
-21.785714
48.480000
45.409091
46.750000
44.571429
40.500000
-32.125000
42.000000
32.000000
36.500000
31.956522
-45.954545
38.655172
31.111111
31.263158
33.500000
41.000000
41.416667
41.500000
37.000000
41.714286
28.500000
40.000000
37.454545
33.000000
31.352941
41.000000
30.000000
35.714286
36.000000
33.000000
35.500000
33.500000
35.000000
31.521739
31.666667
34.000000
26.783784
22.909091
-70.500000
22.375000
29.769231
27.500000
38.000000
20.105263
-48.444444
24.294118
24.000000
22.125000
