653
653
653
666
590
662
658
658
649
649
649
649
653
653
655
666
659
659
654
654
653
654
648
648
647
652
652
656
649
652
646
652
647
656
648
653
651
649
656
653
653
652
652
648
649
656
653
652
652
650
649
652
652
652
647
647
652
647
643
573
647
646
653
651
653
658
653
652
652
647
655
655
657
654
651
654
657
656
587
661
655
651
651
653
653
655
656
658
590
660
658
662
593
662
597
598
598
598
598
669
672
604
605
602
671
605
596
601
601
605
604
607
675
605
615
613
611
613
606
606
615
612
607
604
604
605
615
612
615
605
605
605
601
678
678
671
668
671
668
662
663
591
589
589
664
667
668
668
668
662
662
590
660
658
656
660
656
655
660
660
662
658
664
667
653
662
656
663
654
656
656
655
658
659
587
599
668
668
662
603
600
600
662
595
594
666
664
595
662
663
589
599
664
664
662
662
597
663
663
662
661
660
664
656
661
658
658
654
662
655
652
654
649
654
652
654
654
656
660
663
588
656
656
654
659
653
662
662
654
656
654
666
659
586
655
657
656
592
592
662
663
595
663
663
593
594
591
662
591
592
592
663
665
663
668
663
662
663
663
662
598
662
662
599
668
662
661
669
593
594
663
596
596
661
661
592
669
668
669
666
663
597
598
662
598
597
669
669
596
672
601
605
673
676
605
607
605
608
611
611
688
607
608
612
613
612
617
619
628
608
608
614
694
616
694
613
601
672
606
673
604
615
606
606
607
612
631
696
608
617
608
624
629
704
704
630
616
695
603
673
603
617
623
620
624
624
628
615
682
616
619
616
616
628
626
620
620
620
618
619
621
622
677
703
614
675
671
671
668
596
595
597
603
676
603
608
605
607
605
676
676
606
606
673
605
608
622
632
694
626
616
615
615
627
624
626
628
624
615
621
620
617
617
618
621
626
619
619
699
621
613
607
606
627
627
613
623
619
622
613
613
614
618
615
619
619
621
607
605
620
616
681
694
609
607
614
613
613
613
683
608
613
682
607
604
606
607
606
606
608
608
606
613
615
606
611
607
607
604
608
613
621
620
615
615
616
620
621
615
629
626
623
613
618
618
619
694
694
696
612
612
613
695
683
608
605
603
599
599
598
596
598
668
599
669
599
599
672
603
676
604
604
605
675
605
681
607
606
678
603
607
604
672
605
606
606
606
605
605
604
605
605
614
680
607
605
614
601
607
607
600
596
671
668
598
598
667
595
599
599
673
599
599
599
603
606
614
615
617
620
617
686
617
620
620
619
619
616
621
620
617
623
615
615
623
623
616
703
612
686
607
609
605
605
604
605
601
601
604
669
673
601
668
669
598
669
597
599
668
670
670
666
669
597
669
598
668
668
599
604
678
607
607
605
613
614
612
616
616
612
614
616
616
703
617
617
703
686
697
693
613
694
612
604
604
672
604
611
613
613
694
617
619
614
613
627
611
614
616
616
618
618
616
617
621
615
616
617
617
618
620
630
630
621
623
630
621
621
624
635
628
627
627
621
624
627
639
621
627
624
627
627
633
625
634
624
625
625
632
634
634
629
646
634
640
633
636
655
638
637
637
631
633
631
639
646
644
644
645
637
633
633
633
632
642
638
633
627
636
632
632
637
627
627
626
634
632
637
633
637
632
632
631
633
639
640
634
632
633
636
636
634
642
633
628
628
628
628
639
621
631
632
636
633
634
633
631
631
631
633
629
637
632
632
635
632
636
630
639
631
633
639
636
639
645
645
636
632
637
634
633
633
636
632
639
643
632
628
633
636
624
623
623
623
623
620
619
620
620
628
622
624
624
634
629
624
624
630
629
633
623
630
634
631
624
632
627
637
630
639
627
624
632
628
627
630
634
632
633
631
632
632
632
636
625
636
636
627
633
632
633
641
631
627
642
632
632
639
633
637
637
636
646
636
640
639
635
633
633
634
631
647
631
635
639
632
632
629
633
640
633
624
634
631
632
629
622
631
631
625
635
632
624
628
621
633
632
630
633
632
631
632
637
637
623
637
624
628
624
628
630
629
634
637
627
624
624
629
624
625
624
630
624
624
624
623
624
628
628
624
630
624
629
630
629
629
629
624
634
643
647
638
642
644
642
650
637
642
639
642
648
648
639
638
639
645
655
643
643
648
647
643
653
652
639
650
643
648
648
639
639
639
639
645
642
644
643
638
638
643
639
644
637
637
645
637
638
644
638
644
638
651
644
645
637
637
640
643
645
642
639
650
637
645
647
653
642
648
653
639
645
646
645
644
643
652
647
646
645
646
