-3.500000
3.500000
-1.000000
-2.500000
-3.500000
-3.500000
-1.000000
-6.500000
-1.000000
-4.500000
-4.500000
-1.000000
-1.000000
-4.250000
-3.500000
2.500000
2.500000
-1.000000
-1.500000
-4.500000
-1.000000
1.500000
-1.000000
2.500000
11.000000
-3.500000
3.500000
3.500000
1.500000
1.500000
-3.500000
1.500000
2.500000
2.500000
-4.500000
-1.500000
1.500000
-1.000000
3.500000
3.500000
3.500000
2.500000
3.500000
-2.500000
3.500000
1.500000
2.500000
-1.000000
-9.500000
-1.500000
-6.500000
-2.500000
3.500000
-1.000000
-1.000000
-2.500000
2.500000
-2.500000
-3.500000
1.166667
-1.500000
-2.500000
1.500000
-13.000000
-2.500000
-3.500000
-2.500000
2.500000
-2.000000
-2.500000
-2.500000
-2.500000
-2.000000
2.500000
-2.500000
2.500000
2.500000
2.500000
3.500000
1.500000
1.000000
3.500000
-1.000000
-15.000000
-15.000000
-4.500000
-15.000000
-15.000000
-12.500000
-13.166667
-1.000000
-15.000000
-16.000000
-6.000000
-17.500000
-17.500000
-15.000000
-15.000000
-1.000000
-2.500000
-12.500000
-12.500000
-12.500000
-12.500000
-17.500000
-3.500000
-2.500000
-13.000000
-12.500000
-12.000000
2.500000
-11.500000
-11.500000
2.500000
-1.500000
1.500000
-2.000000
1.000000
6.500000
2.500000
-1.000000
-2.500000
-2.500000
2.500000
-12.500000
1.000000
-1.500000
-1.500000
-2.000000
-2.500000
-13.000000
1.500000
2.500000
1.500000
1.500000
2.500000
-12.500000
-4.500000
6.500000
2.500000
11.000000
3.500000
1.500000
-2.500000
1.500000
1.500000
2.500000
-2.500000
-2.500000
-2.500000
-6.333333
-1.000000
-1.000000
-4.500000
-5.500000
-2.500000
-13.000000
-2.500000
2.500000
-2.000000
2.500000
-4.500000
-1.500000
-2.500000
-4.500000
-6.500000
-2.000000
-3.500000
-4.500000
-3.500000
-12.500000
-2.000000
-2.000000
-1.000000
-3.500000
-3.500000
-1.000000
-2.000000
-1.000000
-1.000000
-1.500000
-2.500000
-2.500000
-4.500000
2.500000
-2.000000
-1.000000
-1.000000
-0.500000
1.500000
1.500000
7.500000
4.500000
2.500000
-2.500000
3.500000
-2.000000
-3.500000
2.500000
2.500000
2.500000
-2.500000
-2.500000
2.500000
-2.500000
2.500000
2.500000
-2.500000
3.500000
1.500000
1.500000
2.500000
1.166667
1.500000
2.500000
-2.500000
6.500000
7.500000
-2.500000
2.500000
3.500000
1.500000
2.500000
1.500000
-2.500000
-2.500000
-1.500000
-2.500000
-2.500000
2.500000
-2.500000
-2.500000
-2.500000
-1.500000
10.700000
-2.500000
11.500000
1.000000
2.500000
2.500000
1.500000
2.500000
1.500000
-10.500000
2.500000
-2.500000
-1.000000
-1.500000
1.500000
-2.000000
-4.500000
-2.500000
-2.500000
-1.000000
-2.000000
2.500000
-2.500000
-2.500000
1.000000
1.500000
-2.500000
1.500000
0.833333
4.500000
2.500000
4.750000
-2.500000
2.500000
1.500000
-2.500000
-13.000000
-3.500000
-1.000000
1.500000
2.500000
2.500000
-2.500000
1.500000
-10.500000
-2.500000
3.500000
-2.500000
-2.500000
-2.500000
-2.500000
-2.500000
-2.500000
-2.500000
9.000000
-2.500000
1.000000
-2.500000
2.500000
-1.500000
-2.500000
-1.500000
-7.500000
-2.500000
-1.500000
1.000000
11.500000
-2.500000
2.500000
2.500000
-2.500000
-2.000000
-2.500000
-2.000000
-1.500000
-11.500000
1.500000
-13.000000
-9.500000
2.500000
1.000000
2.500000
2.500000
10.700000
-2.500000
-2.000000
-14.500000
-2.500000
-2.500000
-16.500000
-2.500000
-2.500000
-16.500000
-15.000000
-15.000000
-15.000000
-18.500000
-14.000000
-17.500000
-14.000000
-4.500000
-11.500000
-11.500000
-1.000000
-15.000000
-15.000000
-15.000000
-13.000000
-4.500000
-15.000000
-16.500000
-12.500000
-15.000000
-11.500000
-12.500000
-16.000000
-15.000000
-1.000000
-15.000000
-15.000000
-18.500000
-17.500000
-12.500000
-3.500000
-16.500000
-15.000000
-15.000000
-16.500000
-15.000000
-16.500000
-7.500000
1.500000
-13.500000
-15.000000
-11.500000
-15.000000
-14.000000
-1.000000
-12.500000
-16.500000
-15.000000
-17.000000
-12.500000
-15.000000
-12.500000
-6.500000
-13.000000
-11.500000
-11.500000
-11.500000
-11.500000
-12.500000
-12.500000
-11.500000
-14.000000
-15.000000
-17.500000
-14.166667
-16.500000
-11.500000
-17.500000
-17.500000
-12.500000
-16.000000
-11.500000
-13.000000
-7.500000
-4.500000
-10.500000
1.500000
-12.500000
-3.500000
1.500000
9.000000
-2.500000
-2.500000
-8.000000
-12.500000
1.500000
2.500000
-2.500000
2.500000
1.166667
1.500000
2.500000
2.500000
3.500000
-3.500000
1.500000
1.000000
-4.500000
-13.000000
-0.500000
2.500000
-1.500000
2.500000
-2.500000
-2.500000
-2.500000
-2.500000
-1.000000
-2.500000
1.000000
1.500000
-2.500000
1.000000
-2.500000
3.500000
-1.500000
3.500000
1.500000
-8.000000
-9.500000
2.500000
1.500000
2.500000
1.500000
1.166667
-3.500000
3.500000
3.500000
-2.500000
2.500000
2.500000
-1.500000
-3.500000
1.500000
-12.500000
-1.000000
-1.000000
1.500000
-9.000000
-4.000000
-1.000000
-15.000000
-1.000000
-1.833333
2.500000
2.500000
9.000000
-2.000000
-14.500000
-12.500000
-18.500000
-4.000000
-4.000000
-2.000000
-1.500000
-14.500000
-12.500000
-19.500000
-12.500000
-14.833333
-15.166667
-3.500000
-2.000000
-1.000000
8.500000
-1.000000
-2.000000
3.500000
-2.500000
-15.000000
-1.000000
-1.000000
-1.000000
-2.500000
9.000000
-2.500000
-3.500000
1.500000
2.500000
-1.000000
2.500000
-2.500000
11.500000
-1.500000
1.000000
1.000000
-1.500000
-1.500000
1.000000
1.000000
-1.500000
-2.500000
-1.000000
6.500000
2.500000
4.500000
11.500000
2.500000
2.500000
-1.500000
2.500000
2.500000
-11.250000
-2.500000
2.500000
1.500000
-3.300000
2.500000
1.500000
-11.500000
-2.500000
-13.166667
1.500000
-11.500000
2.500000
2.500000
-12.500000
-14.000000
-14.000000
-11.500000
-11.500000
-3.500000
-2.500000
-1.000000
2.500000
2.500000
2.500000
-2.000000
-13.000000
-13.000000
-15.000000
-17.500000
-13.000000
-2.500000
1.500000
2.500000
9.000000
-1.000000
2.500000
-1.000000
-13.000000
-1.500000
11.000000
-2.500000
2.500000
-4.500000
2.500000
2.500000
-1.000000
9.000000
4.000000
-1.000000
1.500000
3.500000
2.500000
1.500000
-2.500000
4.000000
-1.000000
-2.500000
-2.000000
-2.500000
1.500000
-3.500000
3.500000
1.500000
1.500000
1.500000
-2.500000
1.166667
1.000000
-2.500000
-2.500000
-2.500000
2.500000
1.500000
-1.500000
1.500000
1.166667
-2.500000
-3.500000
-2.500000
-2.500000
-1.000000
-2.500000
-2.500000
-2.500000
-2.500000
-3.500000
1.500000
1.500000
-3.500000
-1.000000
-6.500000
-1.500000
1.500000
1.500000
-1.000000
2.500000
-3.500000
-1.000000
2.500000
-3.000000
-15.000000
-9.500000
-2.500000
1.500000
3.500000
3.500000
-2.500000
-2.500000
-2.500000
-2.500000
1.500000
1.500000
3.500000
3.500000
-2.000000
1.500000
2.500000
-1.500000
-2.500000
11.500000
2.500000
-2.500000
1.500000
2.500000
-3.500000
1.500000
-1.000000
-2.000000
-1.000000
-2.500000
-2.500000
-2.500000
-3.500000
1.500000
2.500000
2.500000
-3.500000
2.500000
-1.500000
-15.000000
-3.500000
1.500000
3.500000
3.500000
-2.500000
-2.500000
1.000000
-1.000000
-2.500000
1.000000
-2.500000
1.166667
1.000000
1.166667
-2.500000
-3.500000
-2.500000
-1.500000
-12.500000
-4.500000
-15.000000
-6.500000
-4.500000
8.500000
-4.500000
2.500000
8.500000
2.500000
-4.250000
-6.500000
-4.500000
-12.500000
-6.500000
2.500000
-2.000000
-8.000000
-2.000000
-2.500000
-4.500000
-4.500000
-1.000000
-1.000000
1.500000
-3.500000
-15.000000
-4.500000
-1.500000
-3.000000
-15.000000
-8.000000
-1.000000
8.500000
-1.000000
-4.500000
-6.500000
2.500000
-8.000000
-12.500000
-2.166667
8.500000
2.500000
-6.500000
-2.000000
-15.000000
-2.000000
1.500000
-1.000000
-8.000000
-1.500000
-4.500000
-1.000000
-3.500000
-1.000000
2.500000
-1.500000
-4.500000
-3.500000
-8.000000
-4.500000
-6.500000
-13.000000
-2.000000
-2.000000
-1.000000
2.500000
-3.500000
11.000000
2.500000
-4.500000
-1.000000
-1.500000
-12.500000
-1.500000
-15.000000
-13.500000
-16.000000
-16.000000
-14.500000
-4.000000
-2.000000
-14.500000
-14.500000
-16.000000
-16.000000
-18.500000
-12.666667
-0.500000
-3.500000
1.500000
-1.500000
4.000000
-3.500000
-4.500000
-1.500000
-4.500000
-1.000000
-1.000000
-8.000000
-3.500000
1.500000
-4.500000
3.500000
-4.500000
-2.000000
-3.500000
2.500000
-1.750000
2.500000
-1.000000
-4.500000
-2.500000
-1.000000
-2.000000
-4.500000
-4.500000
-6.500000
-9.500000
-15.000000
-1.500000
-2.000000
1.500000
3.500000
-2.500000
-6.500000
-6.500000
-13.000000
-4.500000
-6.500000
-1.000000
-9.500000
-2.000000
11.000000
-1.500000
2.500000
-2.000000
-1.000000
-1.000000
-1.500000
-1.000000
-6.500000
-2.500000
8.500000
-2.166667
-1.000000
-1.000000
3.500000
-3.500000
-3.500000
-8.000000
3.500000
-1.500000
1.500000
2.333333
3.500000
1.500000
3.500000
-4.500000
-4.500000
-2.500000
-1.000000
-2.000000
-9.500000
1.500000
-13.000000
-1.000000
3.500000
9.000000
-2.500000
-2.000000
-1.000000
-1.000000
1.500000
2.500000
-3.500000
4.000000
11.000000
11.000000
-3.500000
1.500000
-1.000000
-2.500000
3.500000
2.500000
3.500000
3.500000
3.500000
-3.500000
-3.500000
-2.500000
-2.500000
1.000000
4.500000
-2.500000
-2.500000
-2.500000
1.500000
3.500000
3.500000
3.500000
1.500000
-4.500000
-4.500000
3.500000
1.500000
7.500000
-6.500000
2.500000
3.500000
-1.000000
4.000000
3.500000
-4.500000
8.500000
-1.000000
-1.000000
-15.071429
-9.500000
-1.500000
2.500000
-1.000000
-4.500000
-1.000000
-4.500000
-9.500000
-2.500000
2.500000
-1.000000
-1.500000
-4.500000
-9.500000
-2.500000
-2.000000
-3.500000
2.500000
1.500000
2.500000
-2.500000
2.500000
2.500000
-3.500000
2.500000
-3.500000
-2.500000
-17.500000
-17.500000
-13.000000
-15.000000
-9.500000
-15.000000
-4.000000
-15.000000
-16.500000
-13.000000
-14.000000
-15.000000
-15.000000
-11.500000
-11.500000
-15.000000
-15.000000
-13.500000
-10.700000
-16.500000
-17.500000
-14.000000
-13.000000
-15.000000
-13.500000
-16.500000
-11.500000
-12.500000
-11.500000
-11.500000
-13.166667
-12.900000
-14.000000
-11.500000
-15.000000
-11.500000
-11.500000
-11.500000
-14.000000
-12.500000
-15.000000
-12.500000
-14.000000
-12.500000
-12.500000
-17.500000
-12.500000
-13.000000
-13.166667
-11.500000
-14.000000
-13.500000
-16.500000
-13.166667
-17.500000
-18.500000
-15.000000
-13.166667
-12.500000
-11.500000
-13.000000
-14.000000
-11.500000
-11.500000
-13.000000
-11.500000
-13.166667
-9.285714
-10.500000
-14.000000
-13.000000
-13.000000
-14.000000
-14.000000
-13.000000
-10.500000
-11.500000
-5.100000
-13.166667
-13.166667
-13.166667
-11.500000
-11.500000
-13.166667
-11.500000
-10.500000
-11.500000
-13.166667
-14.000000
1.000000
-12.500000
-11.500000
-14.000000
-14.000000
-10.500000
-15.000000
-11.500000
-2.000000
-15.000000
-13.500000
-15.000000
-18.500000
-3.500000
-13.166667
-15.000000
-4.500000
-1.000000
-9.500000
-1.500000
-13.500000
-12.500000
-14.166667
-4.500000
-4.500000
-1.000000
9.000000
3.500000
2.500000
-2.500000
2.500000
-2.500000
3.500000
-2.500000
2.500000
2.500000
-2.500000
-2.500000
7.500000
1.000000
-2.500000
-2.500000
-2.500000
-3.500000
3.500000
1.500000
-3.500000
1.500000
13.000000
-2.000000
3.500000
-2.500000
-2.500000
3.500000
1.500000
-8.000000
-3.500000
1.166667
-2.000000
2.500000
1.000000
3.500000
-2.000000
1.000000
1.500000
2.500000
3.500000
-4.500000
-2.500000
-8.000000
1.500000
-1.000000
11.000000
-3.500000
1.500000
4.000000
8.500000
-1.000000
-1.500000
-10.500000
-2.166667
-2.000000
-1.000000
-14.500000
-14.000000
-1.000000
2.500000
-1.500000
-3.500000
-3.500000
-1.000000
-1.000000
-3.500000
-2.500000
-17.500000
-12.500000
-16.000000
-11.500000
-15.000000
-12.500000
-17.500000
-15.000000
-16.500000
-8.750000
-12.500000
-16.500000
-16.500000
-12.500000
-12.500000
-16.500000
-13.000000
-2.500000
-3.500000
-11.500000
-14.000000
-11.500000
-11.500000
-15.000000
-11.500000
-12.500000
-13.166667
-2.500000
-6.200000
-14.000000
-7.500000
-11.500000
-10.500000
-13.500000
-15.500000
-17.500000
-11.500000
-15.000000
-14.000000
-11.500000
-7.500000
-13.500000
-12.500000
-11.500000
-15.833333
-12.750000
-13.000000
-15.000000
-15.000000
-15.000000
-16.500000
-15.000000
-15.000000
-16.500000
-15.000000
-13.000000
-13.166667
-12.500000
-15.000000
-4.500000
-16.500000
-17.500000
-12.500000
-14.500000
-15.000000
-17.000000
-16.000000
-13.500000
-1.000000
-2.000000
-13.000000
-4.500000
-13.000000
-4.500000
-1.000000
-2.500000
2.500000
1.500000
2.500000
-2.500000
-2.000000
-11.500000
3.500000
-1.000000
-13.500000
-1.000000
-11.500000
-14.000000
-17.500000
-18.500000
-13.500000
-15.000000
-10.500000
-12.500000
-13.500000
-11.500000
-11.500000
-17.500000
-12.500000
-12.500000
-12.500000
-15.000000
-14.166667
-17.500000
-17.500000
-4.000000
-15.000000
-17.500000
-17.500000
-16.500000
-13.500000
-15.000000
-17.500000
-15.000000
-11.500000
-12.500000
-15.000000
-12.500000
-12.500000
-12.500000
-17.500000
-13.000000
-11.500000
-18.500000
-18.500000
-8.500000
-17.500000
-12.500000
-11.500000
-7.500000
-15.000000
-16.500000
-16.500000
-13.000000
-16.000000
-11.500000
-7.500000
-14.000000
-13.000000
-13.000000
-12.000000
-11.500000
-14.000000
-13.000000
-13.000000
-14.000000
-11.500000
-15.000000
-15.000000
-15.000000
-15.000000
-14.000000
-11.500000
-12.833333
-12.500000
-11.500000
-11.500000
-14.000000
-13.000000
-6.200000
-15.500000
-11.500000
-11.500000
-13.000000
-13.000000
-13.166667
-12.500000
-11.500000
-14.000000
-13.000000
-16.500000
-14.000000
-11.500000
-13.000000
-11.500000
-13.000000
-17.500000
-13.000000
-14.000000
-12.500000
-11.500000
-13.166667
-11.500000
-11.500000
-13.000000
-11.500000
-11.500000
1.000000
-14.000000
-14.000000
-11.500000
-14.000000
-11.500000
-13.166667
-12.500000
-13.000000
-14.000000
-11.500000
-13.166667
-11.500000
-13.166667
-6.200000
-16.500000
-13.000000
-13.166667
-11.500000
-13.500000
-15.000000
-13.166667
-12.750000
-13.166667
-14.000000
-11.500000
-13.166667
-11.500000
-13.000000
-13.000000
-12.000000
-11.500000
-13.000000
-13.000000
-11.500000
-11.500000
-16.500000
-11.500000
-11.500000
-13.000000
-14.000000
-13.000000
-16.500000
-14.000000
-12.500000
